function colors = get_colors()
    % Define the colorblind-friendly color palette
    colors = [
        0, 0, 0; %black 
        0.6, 0.6, 0.6;% grey›
        0.0000, 0.4470, 0.7410;  % Blue
        0.8500, 0.3250, 0.0980;  % Reddish-Orange
        0.9290, 0.6940, 0.1250;  % Yellow
        0.4940, 0.1840, 0.5560;  % Purple
        0.4660, 0.6740, 0.1880;  % Green
        0.3010, 0.7450, 0.9330;  % Cyan
        0.6350, 0.0780, 0.1840;  % Dark Red
        0.0000, 0.5000, 0.0000;  % Green (alternative)
        0.8700, 0.5600, 0.7500;  % Pinkish-Purple
        0.4000, 0.7600, 0.6470;  % Teal
    ];
end